10
39.43 17.56
7.27 19.19
39.98 41.81
76.26 52.14
41.09 53.74
27.06 43.33
82.73 27.19
72.74 10.02
49.78 58.03
57.67 20.70
0.00 36.65 90.76 30.91 73.40 46.81 88.36 57.07 47.95 47.94
36.65 0.00 38.92 79.27 97.66 41.15 22.80 88.31 82.72 19.26
90.76 38.92 0.00 76.53 36.95 81.91 43.67 29.42 41.25 97.46
30.91 79.27 76.53 0.00 49.55 29.23 83.42 34.15 33.99 42.86
73.40 97.66 36.95 49.55 0.00 97.29 51.04 24.10 20.63 69.76
46.81 41.15 81.91 29.23 97.29 0.00 49.76 38.39 56.06 70.98
88.36 22.80 43.67 83.42 51.04 49.76 0.00 58.20 21.32 46.98
57.07 88.31 29.42 34.15 24.10 38.39 58.20 0.00 36.26 11.40
47.95 82.72 41.25 33.99 20.63 56.06 21.32 36.26 0.00 10.36
47.94 19.26 97.46 42.86 69.76 70.98 46.98 11.40 10.36 0.00
