25
60.22 61.55
33.86 47.33
25.81 64.56
9.21 30.52
80.99 81.60
47.75 68.75
52.76 91.09
65.11 94.42
14.84 22.86
48.14 55.07
5.87 45.16
86.03 69.11
63.07 11.44
81.18 91.13
67.40 99.88
57.61 48.86
16.03 66.25
12.51 1.53
64.07 73.21
11.04 51.30
29.79 80.10
7.73 87.02
35.88 43.71
64.02 70.17
4.09 12.92
0.00 29.96 34.55 59.71 28.87 14.41 30.48 33.23 59.64 13.71 56.77 26.89 50.19 36.25 39.00 12.95 44.45 76.67 12.29 50.24 35.64 58.35 30.18 9.42 74.27
29.96 0.00 19.02 29.83 58.28 25.53 47.67 56.51 31.00 16.24 28.07 56.54 46.28 64.48 62.34 23.81 25.99 50.53 39.79 23.16 33.02 47.52 4.15 37.83 45.50
34.55 19.02 0.00 37.87 57.76 22.34 37.82 49.35 43.12 24.26 27.82 60.39 64.89 61.41 54.56 35.47 9.93 64.42 39.23 19.85 16.04 28.84 23.16 38.61 56.03
59.71 29.83 37.87 0.00 88.10 54.29 74.60 84.89 9.51 46.02 15.01 85.97 57.14 94.09 90.53 51.76 36.37 29.18 69.52 20.86 53.68 56.52 29.75 67.64 18.34
28.87 58.28 57.76 88.10 0.00 35.64 29.78 20.41 88.47 42.23 83.50 13.47 72.42 9.52 22.78 40.23 66.76 105.36 18.89 76.23 51.23 73.47 58.92 20.47 103.11
14.41 25.53 22.34 54.29 35.64 0.00 22.90 30.98 56.48 13.69 48.07 38.28 59.33 40.22 36.81 22.20 31.82 75.90 16.92 40.65 21.25 44.00 27.72 16.32 70.88
30.48 47.67 37.82 74.60 29.78 22.90 0.00 12.79 78.07 36.32 65.64 39.87 80.32 28.42 17.07 42.51 44.35 98.19 21.16 57.65 25.47 45.22 50.30 23.76 92.09
33.23 56.51 49.35 84.89 20.41 30.98 12.79 0.00 87.45 42.85 77.04 32.83 83.01 16.40 5.92 46.17 56.59 106.74 21.23 69.15 38.11 57.86 58.53 24.28 101.81
59.64 31.00 43.12 9.51 88.47 56.48 78.07 87.45 0.00 46.33 24.03 84.90 49.56 95.19 93.25 50.06 43.41 21.45 70.43 28.69 59.16 64.56 29.62 68.24 14.64
13.71 16.24 24.26 46.02 42.23 13.69 36.32 42.85 46.33 0.00 43.41 40.41 46.12 48.90 48.77 11.33 34.00 64.31 24.15 37.29 31.03 51.52 16.72 21.91 60.97
56.77 28.07 27.82 15.01 83.50 48.07 65.64 77.04 24.03 43.41 0.00 83.66 66.39 88.23 82.34 51.87 23.41 44.12 64.61 8.03 42.34 41.91 30.04 63.29 32.29
26.89 56.54 60.39 85.97 13.47 38.28 39.87 32.83 84.90 40.41 83.66 0.00 62.08 22.54 35.97 34.90 70.06 99.86 22.34 77.08 57.30 80.33 56.22 22.04 99.36
50.19 46.28 64.89 57.14 72.42 59.33 80.32 83.01 49.56 46.12 66.39 62.08 0.00 81.72 88.55 37.82 72.23 51.52 61.79 65.54 76.30 93.68 42.20 58.74 59.00
36.25 64.48 61.41 94.09 9.52 40.22 28.42 16.40 95.19 48.90 88.23 22.54 81.72 0.00 16.33 48.39 69.74 112.88 24.77 80.65 52.56 73.57 65.58 27.09 109.82
39.00 62.34 54.56 90.53 22.78 36.81 17.07 5.92 93.25 48.77 82.34 35.97 88.55 16.33 0.00 51.95 61.40 112.63 26.87 74.41 42.49 61.04 64.41 29.91 107.57
12.95 23.81 35.47 51.76 40.23 22.20 42.51 46.17 50.06 11.33 51.87 34.90 37.82 48.39 51.95 0.00 45.08 65.38 25.20 46.64 41.83 62.81 22.34 22.25 64.47
44.45 25.99 9.93 36.37 66.76 31.82 44.35 56.59 43.41 34.00 23.41 70.06 72.23 69.74 61.40 45.08 0.00 64.81 48.55 15.76 19.53 22.37 30.04 48.15 54.65
76.67 50.53 64.42 29.18 105.36 75.90 98.19 106.74 21.45 64.31 44.12 99.86 51.52 112.88 112.63 65.38 64.81 0.00 88.30 49.79 80.44 85.62 48.22 85.81 14.16
12.29 39.79 39.23 69.52 18.89 16.92 21.16 21.23 70.43 24.15 64.61 22.34 61.79 24.77 26.87 25.20 48.55 88.30 0.00 57.38 34.97 58.02 40.81 3.05 85.05
50.24 23.16 19.85 20.86 76.23 40.65 57.65 69.15 28.69 37.29 8.03 77.08 65.54 80.65 74.41 46.64 15.76 49.79 57.38 0.00 34.36 35.88 25.97 56.23 39.01
35.64 33.02 16.04 53.68 51.23 21.25 25.47 38.11 59.16 31.03 42.34 57.30 76.30 52.56 42.49 41.83 19.53 80.44 34.97 34.36 0.00 23.13 36.90 35.64 71.93
58.35 47.52 28.84 56.52 73.47 44.00 45.22 57.86 64.56 51.52 41.91 80.33 93.68 73.57 61.04 62.81 22.37 85.62 58.02 35.88 23.13 0.00 51.66 58.76 74.20
30.18 4.15 23.16 29.75 58.92 27.72 50.30 58.53 29.62 16.72 30.04 56.22 42.20 65.58 64.41 22.34 30.04 48.22 40.81 25.97 36.90 51.66 0.00 38.62 44.26
9.42 37.83 38.61 67.64 20.47 16.32 23.76 24.28 68.24 21.91 63.29 22.04 58.74 27.09 29.91 22.25 48.15 85.81 3.05 56.23 35.64 58.76 38.62 0.00 82.88
74.27 45.50 56.03 18.34 103.11 70.88 92.09 101.81 14.64 60.97 32.29 99.36 59.00 109.82 107.57 64.47 54.65 14.16 85.05 39.01 71.93 74.20 44.26 82.88 0.00
