15
62.75 13.94
61.77 64.83
82.01 86.64
79.02 11.76
85.07 48.52
91.65 36.59
85.89 5.19
95.06 32.90
69.85 18.97
40.03 61.92
82.89 18.87
97.35 16.57
98.30 47.07
95.56 83.39
33.66 93.30
0.00 50.91 75.21 16.41 41.15 36.72 24.73 37.46 8.70 53.09 20.73 34.70 48.59 76.81 84.52
50.91 0.00 29.76 55.81 28.45 41.12 64.34 46.13 46.57 21.93 50.59 59.96 40.62 38.55 40.00
75.21 29.76 0.00 74.94 38.25 50.97 81.55 55.30 68.76 48.72 67.78 71.73 42.80 13.93 48.80
16.41 55.81 74.94 0.00 37.25 27.86 9.50 26.53 11.66 63.53 8.09 18.95 40.22 73.51 93.30
41.15 28.45 38.25 37.25 0.00 13.62 43.33 18.54 33.23 46.99 29.73 34.22 13.31 36.42 68.17
36.72 41.12 50.97 27.86 13.62 0.00 31.93 5.02 28.03 57.50 19.78 20.81 12.40 46.96 81.11
24.73 64.34 81.55 9.50 43.33 31.93 0.00 29.19 21.14 72.94 14.00 16.15 43.68 78.80 102.42
37.46 46.13 55.30 26.53 18.54 5.02 29.19 0.00 28.80 62.21 18.58 16.49 14.53 50.49 86.12
8.70 46.57 68.76 11.66 33.23 28.03 21.14 28.80 0.00 52.28 13.03 27.60 39.98 69.36 82.67
53.09 21.93 48.72 63.53 46.99 57.50 72.94 62.21 52.28 0.00 60.74 73.08 60.13 59.53 32.02
20.73 50.59 67.78 8.09 29.73 19.78 14.00 18.58 13.03 60.74 0.00 14.64 32.14 65.76 89.23
34.70 59.96 71.73 18.95 34.22 20.81 16.15 16.49 27.60 73.08 14.64 0.00 30.51 66.84 99.71
48.59 40.62 42.80 40.22 13.31 12.40 43.68 14.53 39.98 60.13 32.14 30.51 0.00 36.43 79.47
76.81 38.55 13.93 73.51 36.42 46.96 78.80 50.49 69.36 59.53 65.76 66.84 36.43 0.00 62.68
84.52 40.00 48.80 93.30 68.17 81.11 102.42 86.12 82.67 32.02 89.23 99.71 79.47 62.68 0.00
