14
25.65 50.00
95.79 50.00
57.52 50.00
55.17 50.00
1.78 50.00
32.40 50.00
2.80 50.00
85.70 50.00
94.57 50.00
39.61 50.00
8.82 50.00
55.00 50.00
79.72 50.00
75.06 50.00
0.00 70.14 31.87 29.52 23.87 6.75 22.85 60.05 68.92 13.96 16.83 29.35 54.07 49.41
70.14 0.00 38.27 40.62 94.01 63.39 92.99 10.09 1.22 56.18 86.97 40.79 16.07 20.73
31.87 38.27 0.00 2.35 55.74 25.12 54.72 28.18 37.05 17.91 48.70 2.52 22.20 17.54
29.52 40.62 2.35 0.00 53.39 22.77 52.37 30.53 39.40 15.56 46.35 0.17 24.55 19.89
23.87 94.01 55.74 53.39 0.00 30.62 1.02 83.92 92.79 37.83 7.04 53.22 77.94 73.28
6.75 63.39 25.12 22.77 30.62 0.00 29.60 53.30 62.17 7.21 23.58 22.60 47.32 42.66
22.85 92.99 54.72 52.37 1.02 29.60 0.00 82.90 91.77 36.81 6.02 52.20 76.92 72.26
60.05 10.09 28.18 30.53 83.92 53.30 82.90 0.00 8.87 46.09 76.88 30.70 5.98 10.64
68.92 1.22 37.05 39.40 92.79 62.17 91.77 8.87 0.00 54.96 85.75 39.57 14.85 19.51
13.96 56.18 17.91 15.56 37.83 7.21 36.81 46.09 54.96 0.00 30.79 15.39 40.11 35.45
16.83 86.97 48.70 46.35 7.04 23.58 6.02 76.88 85.75 30.79 0.00 46.18 70.90 66.24
29.35 40.79 2.52 0.17 53.22 22.60 52.20 30.70 39.57 15.39 46.18 0.00 24.72 20.06
54.07 16.07 22.20 24.55 77.94 47.32 76.92 5.98 14.85 40.11 70.90 24.72 0.00 4.66
49.41 20.73 17.54 19.89 73.28 42.66 72.26 10.64 19.51 35.45 66.24 20.06 4.66 0.00
