14
76.42 92.45
37.82 98.49
27.86 5.17
67.59 3.20
5.04 71.88
10.82 81.06
87.29 83.31
99.12 59.34
0.47 56.87
26.75 94.27
46.77 0.10
18.17 88.56
75.21 6.82
12.01 82.51
0.00 39.07 99.88 89.69 74.28 66.58 14.21 40.15 83.87 49.70 96.99 58.38 85.64 65.16
39.07 0.00 93.85 99.84 42.22 32.14 51.75 72.74 55.92 11.84 98.79 22.02 99.01 30.35
99.88 93.85 0.00 39.78 70.50 77.78 98.17 89.51 58.50 89.11 19.57 83.95 47.37 78.95
89.69 99.84 39.78 0.00 92.90 96.36 82.50 64.39 85.94 99.81 21.05 98.64 8.43 96.85
74.28 42.22 70.50 92.90 0.00 10.85 83.04 94.91 15.69 31.19 83.02 21.23 95.69 12.72
66.58 32.14 77.78 96.36 10.85 0.00 76.51 90.94 26.31 20.70 88.58 10.50 98.27 1.89
14.21 51.75 98.17 82.50 83.04 76.51 0.00 26.73 90.76 61.52 92.55 69.32 77.44 75.28
40.15 72.74 89.51 64.39 94.91 90.94 26.73 0.00 98.68 80.36 79.05 86.07 57.71 90.14
83.87 55.92 58.50 85.94 15.69 26.31 90.76 98.68 0.00 45.71 73.25 36.30 89.94 28.12
49.70 11.84 89.11 99.81 31.19 20.70 61.52 80.36 45.71 0.00 96.27 10.31 99.97 18.85
96.99 98.79 19.57 21.05 83.02 88.58 92.55 79.05 73.25 96.27 0.00 92.96 29.22 89.44
58.38 22.02 83.95 98.64 21.23 10.50 69.32 86.07 36.30 10.31 92.96 0.00 99.67 8.63
85.64 99.01 47.37 8.43 95.69 98.27 77.44 57.71 89.94 99.97 29.22 99.67 0.00 98.60
65.16 30.35 78.95 96.85 12.72 1.89 75.28 90.14 28.12 18.85 89.44 8.63 98.60 0.00
