20
98.63 87.34
50.97 27.18
33.69 21.70
27.65 34.33
86.22 15.67
14.09 75.71
73.63 35.57
34.11 66.68
21.71 56.14
12.42 31.97
95.32 13.74
56.94 97.57
50.34 66.77
3.42 45.61
15.59 47.60
16.97 89.63
37.34 37.97
85.83 64.61
58.35 66.84
17.78 84.92
0.00 76.74 92.34 88.59 72.74 85.34 57.49 67.75 83.00 102.46 73.68 42.92 52.49 103.95 92.06 81.69 78.70 26.09 45.20 80.88
76.74 0.00 18.13 24.40 37.07 60.95 24.16 42.95 41.17 38.85 46.34 70.64 39.59 51.00 40.86 71.10 17.39 51.14 40.33 66.60
92.34 18.13 0.00 14.01 52.87 57.46 42.28 44.99 36.47 23.63 62.14 79.35 48.05 38.58 31.61 69.96 16.68 67.53 51.43 65.20
88.59 24.40 14.01 0.00 61.47 43.54 46.00 32.99 22.60 15.41 70.74 69.69 39.58 26.73 17.94 56.32 10.35 65.59 44.71 51.55
72.74 37.07 52.87 61.47 0.00 93.85 23.54 72.92 76.15 75.58 9.31 86.97 62.44 88.04 77.51 101.31 53.72 48.94 58.26 97.36
85.34 60.95 57.46 43.54 93.85 0.00 71.81 21.96 21.00 43.77 102.17 48.11 37.33 31.93 28.14 14.21 44.33 72.60 45.14 9.93
57.49 24.16 42.28 46.00 23.54 71.81 0.00 50.30 55.85 61.32 30.77 64.21 38.94 70.93 59.28 78.31 36.37 31.50 34.81 74.54
67.75 42.95 44.99 32.99 72.92 21.96 50.30 0.00 16.27 40.93 80.93 38.41 16.23 37.23 26.59 28.64 28.89 51.76 24.24 24.49
83.00 41.17 36.47 22.60 76.15 21.00 55.85 16.27 0.00 25.89 84.95 54.38 30.53 21.11 10.51 33.82 23.97 64.68 38.16 29.05
102.46 38.85 23.63 15.41 75.58 43.77 61.32 40.93 25.89 0.00 84.89 79.28 51.46 16.34 15.95 57.83 25.63 80.34 57.66 53.22
73.68 46.34 62.14 70.74 9.31 102.17 30.77 80.93 84.95 84.89 0.00 92.20 69.54 97.27 86.63 109.08 62.84 51.75 64.70 105.26
42.92 70.64 79.35 69.69 86.97 48.11 64.21 38.41 54.38 79.28 92.20 0.00 31.50 74.59 64.86 40.75 62.74 43.83 30.76 41.15
52.49 39.59 48.05 39.58 62.44 37.33 38.94 16.23 30.53 51.46 69.54 31.50 0.00 51.47 39.68 40.45 31.59 35.56 8.01 37.28
103.95 51.00 38.58 26.73 88.04 31.93 70.93 37.23 21.11 16.34 97.27 74.59 51.47 0.00 12.33 46.05 34.77 84.57 58.88 41.85
92.06 40.86 31.61 17.94 77.51 28.14 59.28 26.59 10.51 15.95 86.63 64.86 39.68 12.33 0.00 42.04 23.79 72.27 46.89 37.38
81.69 71.10 69.96 56.32 101.31 14.21 78.31 28.64 33.82 57.83 109.08 40.75 40.45 46.05 42.04 0.00 55.53 73.27 47.24 4.77
78.70 17.39 16.68 10.35 53.72 44.33 36.37 28.89 23.97 25.63 62.84 62.74 31.59 34.77 23.79 55.53 0.00 55.33 35.70 50.87
26.09 51.14 67.53 65.59 48.94 72.60 31.50 51.76 64.68 80.34 51.75 43.83 35.56 84.57 72.27 73.27 55.33 0.00 27.58 71.02
45.20 40.33 51.43 44.71 58.26 45.14 34.81 24.24 38.16 57.66 64.70 30.76 8.01 58.88 46.89 47.24 35.70 27.58 0.00 44.42
80.88 66.60 65.20 51.55 97.36 9.93 74.54 24.49 29.05 53.22 105.26 41.15 37.28 41.85 37.38 4.77 50.87 71.02 44.42 0.00
