15
62.75 13.94
61.77 64.83
82.01 86.64
79.02 11.76
85.07 48.52
91.65 36.59
85.89 5.19
95.06 32.90
69.85 18.97
40.03 61.92
82.89 18.87
97.35 16.57
98.30 47.07
95.56 83.39
33.66 93.30
0.00 59.52 51.63 18.90 56.08 83.88 48.41 61.66 52.51 97.43 33.13 68.09 88.22 29.75 14.27
59.52 0.00 66.54 73.68 47.57 20.03 48.06 49.08 28.40 54.83 23.41 69.37 68.32 85.70 76.63
51.63 66.54 0.00 86.55 39.40 87.17 30.18 70.74 81.34 10.30 12.82 96.77 12.59 72.17 80.46
18.90 73.68 86.55 0.00 71.36 52.57 82.32 81.75 91.14 94.08 18.23 77.01 98.85 65.34 37.19
56.08 47.57 39.40 71.36 0.00 93.50 18.70 84.05 54.91 92.76 69.14 63.61 72.13 99.89 94.20
83.88 20.03 87.17 52.57 93.50 0.00 35.98 51.54 42.48 46.02 19.09 79.24 10.38 54.89 85.32
48.41 48.06 30.18 82.32 18.70 35.98 0.00 37.84 56.82 70.13 26.48 82.17 27.29 88.38 42.12
61.66 49.08 70.74 81.75 84.05 51.54 37.84 0.00 59.64 80.03 90.29 65.83 76.26 87.46 97.91
52.51 28.40 81.34 91.14 54.91 42.48 56.82 59.64 0.00 83.03 54.73 93.58 59.12 22.75 33.99
97.43 54.83 10.30 94.08 92.76 46.02 70.13 80.03 83.03 0.00 26.71 65.45 28.81 88.13 98.35
33.13 23.41 12.82 18.23 69.14 19.09 26.48 90.29 54.73 26.71 0.00 75.27 67.49 13.21 33.80
68.09 69.37 96.77 77.01 63.61 79.24 82.17 65.83 93.58 65.45 75.27 0.00 73.48 22.25 92.80
88.22 68.32 12.59 98.85 72.13 10.38 27.29 76.26 59.12 28.81 67.49 73.48 0.00 43.75 47.57
29.75 85.70 72.17 65.34 99.89 54.89 88.38 87.46 22.75 88.13 13.21 22.25 43.75 0.00 18.16
14.27 76.63 80.46 37.19 94.20 85.32 42.12 97.91 33.99 98.35 33.80 92.80 47.57 18.16 0.00
