10
4.25 40.50
48.76 93.67
48.82 38.62
23.35 78.96
36.96 0.22
41.90 31.41
37.34 44.98
58.26 67.42
87.71 97.81
83.19 52.11
0.00 69.34 44.62 42.94 51.90 38.73 33.39 60.35 101.24 79.79
69.34 0.00 55.05 29.36 94.19 62.63 50.02 27.92 39.16 53.97
44.62 55.05 0.00 47.71 40.19 10.00 13.12 30.30 70.82 36.92
42.94 29.36 47.71 0.00 79.91 51.04 36.75 36.76 67.06 65.58
51.90 94.19 40.19 79.91 0.00 31.58 44.76 70.49 109.99 69.49
38.73 62.63 10.00 51.04 31.58 0.00 14.31 39.55 80.67 46.19
33.39 50.02 13.12 36.75 44.76 14.31 0.00 30.68 73.00 46.40
60.35 27.92 30.30 36.76 70.49 39.55 30.68 0.00 42.32 29.26
101.24 39.16 70.82 67.06 109.99 80.67 73.00 42.32 0.00 45.92
79.79 53.97 36.92 65.58 69.49 46.19 46.40 29.26 45.92 0.00
