12
92.02 77.10
8.84 78.38
17.15 87.69
93.95 73.84
63.91 98.02
98.64 38.42
43.94 99.63
88.40 82.03
40.90 99.17
84.29 13.61
25.45 93.56
32.18 96.72
0.00 83.19 75.62 3.79 35.04 39.25 53.10 6.11 55.67 63.96 68.57 62.97
83.19 0.00 12.48 85.24 58.47 98.29 41.03 79.64 38.21 99.44 22.50 29.68
75.62 12.48 0.00 78.04 47.89 95.23 29.33 71.47 26.38 99.98 10.16 17.54
3.79 85.24 78.04 0.00 38.56 35.73 56.27 9.90 58.79 60.99 71.29 65.87
35.04 58.47 47.89 38.56 0.00 68.98 20.04 29.24 23.04 86.84 38.73 31.76
39.25 98.29 95.23 35.73 68.98 0.00 82.09 44.80 83.81 28.66 91.64 88.40
53.10 41.03 29.33 56.27 20.04 82.09 0.00 47.82 3.07 95.01 19.46 12.11
6.11 79.64 71.47 9.90 29.24 44.80 47.82 0.00 50.49 68.54 63.99 58.10
55.67 38.21 26.38 58.79 23.04 83.81 3.07 50.49 0.00 95.93 16.44 9.06
63.96 99.44 99.98 60.99 86.84 28.66 95.01 68.54 95.93 0.00 99.27 98.09
68.57 22.50 10.16 71.29 38.73 91.64 19.46 63.99 16.44 99.27 0.00 7.44
62.97 29.68 17.54 65.87 31.76 88.40 12.11 58.10 9.06 98.09 7.44 0.00
