15
73.76 51.76
88.42 45.17
94.47 82.24
6.36 93.89
33.25 62.72
0.32 70.40
7.11 5.55
28.90 28.65
26.89 20.72
25.88 63.31
18.31 51.35
92.93 65.88
21.96 13.67
42.28 28.54
68.92 45.15
0.00 16.07 36.85 79.48 41.97 75.77 81.10 50.46 56.21 49.26 55.45 23.81 64.29 39.12 8.19
16.07 0.00 37.56 95.43 57.90 91.64 90.45 61.77 66.21 65.12 70.38 21.20 73.54 49.05 19.50
36.85 37.56 0.00 88.87 64.26 94.89 116.24 84.68 91.38 71.15 82.18 16.43 99.79 74.88 45.04
79.48 95.43 88.87 0.00 41.16 24.25 88.34 69.02 75.99 36.28 44.18 90.99 81.72 74.57 79.31
41.97 57.90 64.26 41.16 0.00 33.81 62.86 34.35 42.48 7.39 18.77 59.77 50.33 35.35 39.77
75.77 91.64 94.89 24.25 33.81 0.00 65.20 50.60 56.34 26.52 26.20 92.72 60.72 59.27 73.10
81.10 90.45 116.24 88.34 62.86 65.20 0.00 31.76 24.93 60.73 47.15 104.91 16.93 42.02 73.41
50.46 61.77 84.68 69.02 34.35 50.60 31.76 0.00 8.18 34.79 25.05 74.07 16.50 13.38 43.29
56.21 66.21 91.38 75.99 42.48 56.34 24.93 8.18 0.00 42.60 31.81 80.00 8.60 17.26 48.62
49.26 65.12 71.15 36.28 7.39 26.52 60.73 34.79 42.60 0.00 14.15 67.10 49.79 38.44 46.72
55.45 70.38 82.18 44.18 18.77 26.20 47.15 25.05 31.81 14.15 0.00 76.02 37.86 33.08 50.99
23.81 21.20 16.43 90.99 59.77 92.72 104.91 74.07 80.00 67.10 76.02 0.00 88.10 62.93 31.72
64.29 73.54 99.79 81.72 50.33 60.72 16.93 16.50 8.60 49.79 37.86 88.10 0.00 25.17 56.53
39.12 49.05 74.88 74.57 35.35 59.27 42.02 13.38 17.26 38.44 33.08 62.93 25.17 0.00 31.40
8.19 19.50 45.04 79.31 39.77 73.10 73.41 43.29 48.62 46.72 50.99 31.72 56.53 31.40 0.00
