10
39.43 17.56
7.27 19.19
39.98 41.81
76.26 52.14
41.09 53.74
27.06 43.33
82.73 27.19
72.74 10.02
49.78 58.03
57.67 20.70
0.00 32.20 24.26 50.52 36.22 28.59 44.36 34.15 41.78 18.51
32.20 0.00 39.77 76.45 48.35 31.22 75.88 66.11 57.58 50.42
24.26 39.77 0.00 37.72 11.98 13.01 45.18 45.65 18.95 27.54
50.52 76.45 37.72 0.00 35.21 49.98 25.78 42.26 27.13 36.52
36.22 48.35 11.98 35.21 0.00 17.47 49.39 53.97 9.69 36.97
28.59 31.22 13.01 49.98 17.47 0.00 57.96 56.54 27.06 38.07
44.36 75.88 45.18 25.78 49.39 57.96 0.00 19.86 45.13 25.88
34.15 66.11 45.65 42.26 53.97 56.54 19.86 0.00 53.22 18.47
41.78 57.58 18.95 27.13 9.69 27.06 45.13 53.22 0.00 38.15
18.51 50.42 27.54 36.52 36.97 38.07 25.88 18.47 38.15 0.00
