20
75.90 16.67
68.93 31.00
2.47 14.69
20.43 83.06
7.19 53.26
51.81 66.68
37.16 26.10
99.83 41.59
51.13 90.45
38.68 91.70
2.60 44.29
71.03 60.44
71.17 5.86
52.81 69.18
88.61 67.35
89.09 81.39
77.43 45.76
92.12 34.92
13.47 62.42
56.16 8.52
0.00 15.93 73.45 86.51 77.84 55.51 39.87 34.55 77.82 83.75 78.33 44.04 11.80 57.36 52.25 66.05 29.13 24.42 77.39 21.35
15.93 0.00 68.43 71.15 65.64 39.58 32.15 32.66 62.06 67.83 67.66 29.52 25.23 41.45 41.34 54.27 17.04 23.51 63.75 25.85
73.45 68.43 0.00 70.69 38.86 71.67 36.51 101.00 90.04 85.10 29.60 82.42 69.26 74.18 100.96 109.32 81.14 91.90 48.98 54.04
86.51 71.15 70.69 0.00 32.61 35.40 59.36 89.57 31.57 20.19 42.68 55.43 92.38 35.22 69.97 68.67 68.12 86.35 21.79 82.66
77.84 65.64 38.86 32.61 0.00 46.60 40.44 93.37 57.57 49.69 10.08 64.25 79.63 48.32 82.64 86.59 70.65 86.89 11.10 66.34
55.51 39.58 71.67 35.40 46.60 0.00 43.14 54.17 23.78 28.26 54.07 20.21 63.83 2.69 36.81 40.07 33.08 51.31 38.58 58.32
39.87 32.15 36.51 59.36 40.44 43.14 0.00 64.56 65.85 65.62 39.05 48.24 39.58 45.83 65.95 75.85 44.82 55.66 43.36 25.89
34.55 32.66 101.00 89.57 93.37 54.17 64.56 0.00 68.98 79.06 97.27 34.41 45.80 54.51 28.09 41.22 22.78 10.19 88.83 54.77
77.82 62.06 90.04 31.57 57.57 23.78 65.85 68.98 0.00 12.51 66.98 36.01 86.93 21.33 44.03 39.02 51.86 69.01 46.95 82.08
83.75 67.83 85.10 20.19 49.69 28.26 65.62 79.06 12.51 0.00 59.58 44.99 91.78 26.59 55.55 51.45 60.10 77.97 38.64 85.00
78.33 67.66 29.60 42.68 10.08 54.07 39.05 97.27 66.98 59.58 0.00 70.32 78.61 56.04 89.06 94.11 74.85 90.01 21.14 64.41
44.04 29.52 82.42 55.43 64.25 20.21 48.24 34.41 36.01 44.99 70.32 0.00 54.58 20.21 18.89 27.65 16.01 33.10 57.60 54.00
11.80 25.23 69.26 92.38 79.63 63.83 39.58 45.80 86.93 91.78 78.61 54.58 0.00 65.93 63.91 77.62 40.39 35.82 80.80 15.24
57.36 41.45 74.18 35.22 48.32 2.69 45.83 54.51 21.33 26.59 56.04 20.21 65.93 0.00 35.85 38.28 33.99 52.14 39.92 60.75
52.25 41.34 100.96 69.97 82.64 36.81 65.95 28.09 44.03 55.55 89.06 18.89 63.91 35.85 0.00 14.04 24.31 32.62 75.31 67.19
66.05 54.27 109.32 68.67 86.59 40.07 75.85 41.22 39.02 51.45 94.11 27.65 77.62 38.28 14.04 0.00 37.48 46.56 77.96 79.96
29.13 17.04 81.14 68.12 70.65 33.08 44.82 22.78 51.86 60.10 74.85 16.01 40.39 33.99 24.31 37.48 0.00 18.25 66.10 42.89
24.42 23.51 91.90 86.35 86.89 51.31 55.66 10.19 69.01 77.97 90.01 33.10 35.82 52.14 32.62 46.56 18.25 0.00 83.31 44.60
77.39 63.75 48.98 21.79 11.10 38.58 43.36 88.83 46.95 38.64 21.14 57.60 80.80 39.92 75.31 77.96 66.10 83.31 0.00 68.76
21.35 25.85 54.04 82.66 66.34 58.32 25.89 54.77 82.08 85.00 64.41 54.00 15.24 60.75 67.19 79.96 42.89 44.60 68.76 0.00
