10
20.23 9.83
90.38 20.51
89.73 80.36
31.09 96.28
94.10 73.56
96.24 30.97
98.36 37.29
68.04 96.63
97.93 35.76
3.06 67.22
0.00 70.96 99.02 87.14 97.56 78.89 82.81 99.10 81.91 59.91
70.96 0.00 59.85 96.21 53.18 11.99 18.58 79.33 17.01 99.03
99.02 59.85 0.00 60.76 8.08 49.82 43.93 27.11 45.36 87.66
87.14 96.21 60.76 0.00 66.98 92.25 89.48 36.96 90.18 40.38
97.56 53.18 8.08 66.98 0.00 42.64 36.52 34.80 38.00 91.26
78.89 11.99 49.82 92.25 42.64 0.00 6.66 71.46 5.07 99.98
82.81 18.58 43.93 89.48 36.52 6.66 0.00 66.64 1.59 99.89
99.10 79.33 27.11 36.96 34.80 71.46 66.64 0.00 67.82 71.33
81.91 17.01 45.36 90.18 38.00 5.07 1.59 67.82 0.00 99.95
59.91 99.03 87.66 40.38 91.26 99.98 99.89 71.33 99.95 0.00
